preset_name	preset_weights
GRAD_V	0,1,0.9166666667,0.8333333333,0.75,0.6666666667,0.5833333333,0.5,0.4166666667,0.3333333333,0.25,0.1666666667,0.0833333333,0,0.0833333333,0.1666666667,0.25,0.3333333333,0.4166666667,0.5,0.5833333333,0.6666666667,0.75,0.8333333333,0.9166666667,1.0
GRAD_A	0,0,0.0833333333,0.1666666667,0.25,0.3333333333,0.4166666667,0.5,0.5833333333,0.6666666667,0.75,0.8333333333,0.9166666667,1.0,0.9166666667,0.8333333333,0.75,0.6666666667,0.5833333333,0.5,0.4166666667,0.3333333333,0.25,0.1666666667,0.0833333333,0
FLAT_25	0,0.25,0.25,0.25,0.25,0.25,0.25,0.25,0.25,0.25,0.25,0.25,0.25,0.25,0.25,0.25,0.25,0.25,0.25,0.25,0.25,0.25,0.25,0.25,0.25,0.25
FLAT_75	0,0.75,0.75,0.75,0.75,0.75,0.75,0.75,0.75,0.75,0.75,0.75,0.75,0.75,0.75,0.75,0.75,0.75,0.75,0.75,0.75,0.75,0.75,0.75,0.75,0.75
WRAP08	0,1,1,1,1,0,0,0,0,0,0,0,0,0,0,0,0,0,0,0,0,0,1,1,1,1
WRAP12	0,1,1,1,1,1,1,0,0,0,0,0,0,0,0,0,0,0,0,0,1,1,1,1,1,1
WRAP14	0,1,1,1,1,1,1,1,0,0,0,0,0,0,0,0,0,0,0,1,1,1,1,1,1,1
WRAP16	0,1,1,1,1,1,1,1,1,0,0,0,0,0,0,0,0,0,1,1,1,1,1,1,1,1
MID12_50	0,0,0,0,0,0,0.5,0.5,0.5,0.5,0.5,0.5,0.5,0.5,0.5,0.5,0.5,0.5,0.5,0.5,0,0,0,0,0,0
OUT07	0,0,0,0,0,0,0,0,0,0,0,0,0,0,0,0,0,0,0,1,1,1,1,1,1,1
OUT12	0,0,0,0,0,0,0,0,0,0,0,0,0,0,1,1,1,1,1,1,1,1,1,1,1,1
OUT12_5	0,0,0,0,0,0,0,0,0,0,0,0,0,0.5,1,1,1,1,1,1,1,1,1,1,1,1
RING08_SOFT	0,0,0,0,0,0,0.5,1,1,1,0.5,0,0,0,0,0,0.5,1,1,1,0.5,0,0,0,0,0
RING08_5	0,0,0,0,0,0,0,1,1,1,1,0,0,0,0,0,1,1,1,1,0,0,0,0,0,0
RING10_5	0,0,0,0,0,0,1,1,1,1,1,0,0,0,0,0,1,1,1,1,1,0,0,0,0,0
RING10_3	0,0,0,0,0,0,0,1,1,1,1,1,0,0,0,1,1,1,1,1,0,0,0,0,0,0
SMOOTHSTEP	0,0,0.00506365740740741,0.0196759259259259,0.04296875,0.0740740740740741,0.112123842592593,0.15625,0.205584490740741,0.259259259259259,0.31640625,0.376157407407407,0.437644675925926,0.5,0.562355324074074,0.623842592592592,0.68359375,0.740740740740741,0.794415509259259,0.84375,0.887876157407408,0.925925925925926,0.95703125,0.980324074074074,0.994936342592593,1
REVERSE-SMOOTHSTEP	0,1,0.994936342592593,0.980324074074074,0.95703125,0.925925925925926,0.887876157407407,0.84375,0.794415509259259,0.740740740740741,0.68359375,0.623842592592593,0.562355324074074,0.5,0.437644675925926,0.376157407407408,0.31640625,0.259259259259259,0.205584490740741,0.15625,0.112123842592592,0.0740740740740742,0.0429687499999996,0.0196759259259258,0.00506365740740744,0
SMOOTHSTEP*2	0,0,0.0101273148148148,0.0393518518518519,0.0859375,0.148148148148148,0.224247685185185,0.3125,0.411168981481482,0.518518518518519,0.6328125,0.752314814814815,0.875289351851852,1.,0.875289351851852,0.752314814814815,0.6328125,0.518518518518519,0.411168981481481,0.3125,0.224247685185184,0.148148148148148,0.0859375,0.0393518518518512,0.0101273148148153,0
R_SMOOTHSTEP*2	0,1,0.989872685185185,0.960648148148148,0.9140625,0.851851851851852,0.775752314814815,0.6875,0.588831018518519,0.481481481481481,0.3671875,0.247685185185185,0.124710648148148,0.,0.124710648148148,0.247685185185185,0.3671875,0.481481481481481,0.588831018518519,0.6875,0.775752314814816,0.851851851851852,0.9140625,0.960648148148149,0.989872685185185,1
SMOOTHSTEP*3	0,0,0.0151909722222222,0.0590277777777778,0.12890625,0.222222222222222,0.336371527777778,0.46875,0.616753472222222,0.777777777777778,0.94921875,0.871527777777778,0.687065972222222,0.5,0.312934027777778,0.128472222222222,0.0507812500000004,0.222222222222222,0.383246527777778,0.53125,0.663628472222223,0.777777777777778,0.87109375,0.940972222222222,0.984809027777777,1
R_SMOOTHSTEP*3	0,1,0.984809027777778,0.940972222222222,0.87109375,0.777777777777778,0.663628472222222,0.53125,0.383246527777778,0.222222222222222,0.05078125,0.128472222222222,0.312934027777778,0.5,0.687065972222222,0.871527777777778,0.94921875,0.777777777777778,0.616753472222222,0.46875,0.336371527777777,0.222222222222222,0.12890625,0.0590277777777777,0.0151909722222232,0
SMOOTHSTEP*4	0,0,0.0202546296296296,0.0787037037037037,0.171875,0.296296296296296,0.44849537037037,0.625,0.822337962962963,0.962962962962963,0.734375,0.49537037037037,0.249421296296296,0.,0.249421296296296,0.495370370370371,0.734375000000001,0.962962962962963,0.822337962962962,0.625,0.448495370370369,0.296296296296297,0.171875,0.0787037037037024,0.0202546296296307,0
R_SMOOTHSTEP*4	0,1,0.97974537037037,0.921296296296296,0.828125,0.703703703703704,0.55150462962963,0.375,0.177662037037037,0.0370370370370372,0.265625,0.50462962962963,0.750578703703704,1.,0.750578703703704,0.504629629629629,0.265624999999999,0.0370370370370372,0.177662037037038,0.375,0.551504629629631,0.703703703703703,0.828125,0.921296296296298,0.979745370370369,1
SMOOTHSTEP/2	0,0,0.0196759259259259,0.0740740740740741,0.15625,0.259259259259259,0.376157407407407,0.5,0.623842592592593,0.740740740740741,0.84375,0.925925925925926,0.980324074074074,1.,0.980324074074074,0.925925925925926,0.84375,0.740740740740741,0.623842592592593,0.5,0.376157407407407,0.259259259259259,0.15625,0.0740740740740741,0.0196759259259259,0
R_SMOOTHSTEP/2	0,1,0.980324074074074,0.925925925925926,0.84375,0.740740740740741,0.623842592592593,0.5,0.376157407407407,0.259259259259259,0.15625,0.0740740740740742,0.0196759259259256,0.,0.0196759259259256,0.0740740740740742,0.15625,0.259259259259259,0.376157407407407,0.5,0.623842592592593,0.740740740740741,0.84375,0.925925925925926,0.980324074074074,1
SMOOTHSTEP/3	0,0,0.04296875,0.15625,0.31640625,0.5,0.68359375,0.84375,0.95703125,1.,0.95703125,0.84375,0.68359375,0.5,0.31640625,0.15625,0.04296875,0.,0.04296875,0.15625,0.31640625,0.5,0.68359375,0.84375,0.95703125,1
R_SMOOTHSTEP/3	0,1,0.95703125,0.84375,0.68359375,0.5,0.31640625,0.15625,0.04296875,0.,0.04296875,0.15625,0.31640625,0.5,0.68359375,0.84375,0.95703125,1.,0.95703125,0.84375,0.68359375,0.5,0.31640625,0.15625,0.04296875,0
SMOOTHSTEP/4	0,0,0.0740740740740741,0.259259259259259,0.5,0.740740740740741,0.925925925925926,1.,0.925925925925926,0.740740740740741,0.5,0.259259259259259,0.0740740740740741,0.,0.0740740740740741,0.259259259259259,0.5,0.740740740740741,0.925925925925926,1.,0.925925925925926,0.740740740740741,0.5,0.259259259259259,0.0740740740740741,0
R_SMOOTHSTEP/4	0,1,0.925925925925926,0.740740740740741,0.5,0.259259259259259,0.0740740740740742,0.,0.0740740740740742,0.259259259259259,0.5,0.740740740740741,0.925925925925926,1.,0.925925925925926,0.740740740740741,0.5,0.259259259259259,0.0740740740740742,0.,0.0740740740740742,0.259259259259259,0.5,0.740740740740741,0.925925925925926,1
COSINE	0,1,0.995722430686905,0.982962913144534,0.961939766255643,0.933012701892219,0.896676670145617,0.853553390593274,0.80438071450436,0.75,0.691341716182545,0.62940952255126,0.565263096110026,0.5,0.434736903889974,0.37059047744874,0.308658283817455,0.25,0.195619285495639,0.146446609406726,0.103323329854382,0.0669872981077805,0.0380602337443566,0.0170370868554658,0.00427756931309475,0
REVERSE_COSINE	0,0,0.00427756931309475,0.0170370868554659,0.0380602337443566,0.0669872981077808,0.103323329854383,0.146446609406726,0.19561928549564,0.25,0.308658283817455,0.37059047744874,0.434736903889974,0.5,0.565263096110026,0.62940952255126,0.691341716182545,0.75,0.804380714504361,0.853553390593274,0.896676670145618,0.933012701892219,0.961939766255643,0.982962913144534,0.995722430686905,1
TRUE_CUBIC_HERMITE	0,0,0.199031876929012,0.325761959876543,0.424641927083333,0.498456790123457,0.549991560570988,0.58203125,0.597360869984568,0.598765432098765,0.589029947916667,0.570939429012346,0.547278886959876,0.520833333333333,0.49438777970679,0.470727237654321,0.45263671875,0.442901234567901,0.444305796682099,0.459635416666667,0.491675106095678,0.543209876543211,0.617024739583333,0.715904706790124,0.842634789737655,1
TRUE_REVERSE_CUBIC_HERMITE	0,1,0.800968123070988,0.674238040123457,0.575358072916667,0.501543209876543,0.450008439429012,0.41796875,0.402639130015432,0.401234567901235,0.410970052083333,0.429060570987654,0.452721113040124,0.479166666666667,0.50561222029321,0.529272762345679,0.54736328125,0.557098765432099,0.555694203317901,0.540364583333333,0.508324893904322,0.456790123456789,0.382975260416667,0.284095293209876,0.157365210262345,0
FAKE_CUBIC_HERMITE	0,0,0.157576195987654,0.28491512345679,0.384765625,0.459876543209877,0.512996720679012,0.546875,0.564260223765432,0.567901234567901,0.560546875,0.544945987654321,0.523847415123457,0.5,0.476152584876543,0.455054012345679,0.439453125,0.432098765432099,0.435739776234568,0.453125,0.487003279320987,0.540123456790124,0.615234375,0.71508487654321,0.842423804012347,1
FAKE_REVERSE_CUBIC_HERMITE	0,1,0.842423804012346,0.71508487654321,0.615234375,0.540123456790123,0.487003279320988,0.453125,0.435739776234568,0.432098765432099,0.439453125,0.455054012345679,0.476152584876543,0.5,0.523847415123457,0.544945987654321,0.560546875,0.567901234567901,0.564260223765432,0.546875,0.512996720679013,0.459876543209876,0.384765625,0.28491512345679,0.157576195987653,0
ALL_A	0,0,0,0,0,0,0,0,0,0,0,0,0,0,0,0,0,0,0,0,0,0,0,0,0,0
ALL_B	1,1,1,1,1,1,1,1,1,1,1,1,1,1,1,1,1,1,1,1,1,1,1,1,1,1
GRAD_V	0,1,0.8888888888888888,0.7777777777777778,0.6666666666666667,0.5555555555555556,0.4444444444444444,0.33333333333333337,0.22222222222222232,0.11111111111111116,0,0.11111111111111116,0.22222222222222232,0.33333333333333337,0.4444444444444444,0.5555555555555556,0.6666666666666667,0.7777777777777778,0.8888888888888888,1
GRAD_A	0,0,0.11111111111111116,0.2222222222222222,0.33333333333333326,0.4444444444444444,0.5555555555555556,0.6666666666666666,0.7777777777777777,0.8888888888888888,1,0.8888888888888888,0.7777777777777777,0.6666666666666666,0.5555555555555556,0.4444444444444444,0.33333333333333326,0.2222222222222222,0.11111111111111116,0
FLAT_25	0,0.25,0.25,0.25,0.25,0.25,0.25,0.25,0.25,0.25,0.25,0.25,0.25,0.25,0.25,0.25,0.25,0.25,0.25,0.25
FLAT_75	0,0.75,0.75,0.75,0.75,0.75,0.75,0.75,0.75,0.75,0.75,0.75,0.75,0.75,0.75,0.75,0.75,0.75,0.75,0.75
WRAP08	0,1,1,1,1,0,0,0,0,0,0,0,0,0,0,0,1,1,1,1
WRAP12	0,1,1,1,1,1,1,0,0,0,0,0,0,0,1,1,1,1,1,1
WRAP14	0,1,1,1,1,1,1,1,0,0,0,0,0,1,1,1,1,1,1,1
WRAP16	0,1,1,1,1,1,1,1,1,0,0,0,1,1,1,1,1,1,1,1
MID12_50	0,0,0,0,0.5,0.5,0.5,0.5,0.5,0.5,0.5,0.5,0.5,0.5,0.5,0.5,0.5,0,0,0
OUT07	0,0,0,0,0,0,0,0,0,0,0,0,0,1,1,1,1,1,1,1
OUT09	0,0,0,0,0,0,0,0,0,0,0,1,1,1,1,1,1,1,1,1
OUT09_5	0,0,0,0,0,0,0,0,0,0,0.5,1,1,1,1,1,1,1,1,1
RING08_SOFT	0,0,0,0.5,1,1,1,0.5,0,0,0,0,0,0.5,1,1,1,0.5,0,0
RING08_5	0,0,0,0,0,0,0,1,1,1,1,1,1,1,0,0,0,0,0,0
RING10_5	0,0,0,1,1,1,1,1,0,0,0,0,0,1,1,1,1,1,0,0
RING10_3	0,0,0,0,1,1,1,1,1,0,0,0,1,1,1,1,1,0,0,0
SMOOTHSTEP	0,0,0.008916323731138546,0.03429355281207133,0.07407407407407407,0.1262002743484225,0.18861454046639234,0.25925925925925924,0.33607681755829893,0.41700960219478733,0.5,0.5829903978052127,0.6639231824417009,0.7407407407407407,0.8113854595336077,0.8737997256515774,0.925925925925926,0.9657064471879286,0.9910836762688613,1
REVERSE-SMOOTHSTEP	0,1,0.9910836762688614,0.9657064471879286,0.9259259259259259,0.8737997256515775,0.8113854595336076,0.7407407407407407,0.6639231824417011,0.5829903978052127,0.5,0.41700960219478733,0.3360768175582991,0.2592592592592593,0.18861454046639226,0.12620027434842263,0.07407407407407396,0.03429355281207136,0.008916323731138709,0
SMOOTHSTEP*2	0,0,0.01783264746227709,0.06858710562414266,0.14814814814814814,0.252400548696845,0.3772290809327847,0.5185185185185185,0.6721536351165979,0.8340192043895747,1,0.8340192043895747,0.6721536351165982,0.5185185185185186,0.3772290809327845,0.25240054869684525,0.14814814814814792,0.06858710562414272,0.017832647462277418,0
R_SMOOTHSTEP*2	0,1,0.9821673525377229,0.9314128943758573,0.8518518518518519,0.747599451303155,0.6227709190672153,0.4814814814814815,0.32784636488340213,0.16598079561042534,0,0.16598079561042534,0.3278463648834018,0.4814814814814814,0.6227709190672155,0.7475994513031547,0.8518518518518521,0.9314128943758573,0.9821673525377226,1
SMOOTHSTEP*3	0,0,0.026748971193415638,0.102880658436214,0.2222222222222222,0.37860082304526743,0.565843621399177,0.7777777777777777,0.9917695473251031,0.748971193415638,0.5,0.251028806584362,0.008230452674897304,0.22222222222222232,0.43415637860082334,0.621399176954732,0.7777777777777781,0.8971193415637861,0.9732510288065841,1
R_SMOOTHSTEP*3	0,1,0.9732510288065843,0.897119341563786,0.7777777777777778,0.6213991769547326,0.434156378600823,0.22222222222222232,0.00823045267489686,0.251028806584362,0.5,0.748971193415638,0.9917695473251027,0.7777777777777777,0.5658436213991767,0.378600823045268,0.22222222222222188,0.10288065843621386,0.026748971193415905,0
SMOOTHSTEP*4	0,0,0.03566529492455418,0.13717421124828533,0.2962962962962963,0.50480109739369,0.7544581618655694,0.962962962962963,0.6556927297668043,0.33196159122085067,0,0.33196159122085067,0.6556927297668036,0.9629629629629628,0.754458161865569,0.5048010973936905,0.29629629629629584,0.13717421124828544,0.035665294924554836,0
R_SMOOTHSTEP*4	0,1,0.9643347050754458,0.8628257887517147,0.7037037037037037,0.49519890260631005,0.24554183813443065,0.03703703703703698,0.34430727023319574,0.6680384087791493,1,0.6680384087791493,0.3443072702331964,0.0370370370370372,0.24554183813443098,0.4951989026063095,0.7037037037037042,0.8628257887517146,0.9643347050754452,1
SMOOTHSTEP/2	0,0,0.03429355281207133,0.1262002743484225,0.25925925925925924,0.41700960219478733,0.5829903978052127,0.7407407407407407,0.8737997256515774,0.9657064471879286,1,0.9657064471879286,0.8737997256515774,0.7407407407407407,0.5829903978052127,0.41700960219478733,0.2592592592592592,0.1262002743484225,0.03429355281207136,0
R_SMOOTHSTEP/2	0,1,0.9657064471879286,0.8737997256515775,0.7407407407407407,0.5829903978052127,0.41700960219478733,0.2592592592592593,0.12620027434842263,0.03429355281207136,0,0.03429355281207136,0.12620027434842263,0.2592592592592593,0.41700960219478733,0.5829903978052127,0.7407407407407408,0.8737997256515775,0.9657064471879286,1
SMOOTHSTEP/3	0,0,0.07407407407407407,0.25925925925925924,0.5,0.7407407407407407,0.925925925925926,1,0.9259259259259258,0.7407407407407407,0.5,0.2592592592592593,0.07407407407407404,0,0.07407407407407407,0.2592592592592593,0.5,0.7407407407407407,0.9259259259259258,1
R_SMOOTHSTEP/3	0,1,0.9259259259259259,0.7407407407407407,0.5,0.2592592592592593,0.07407407407407396,0,0.07407407407407418,0.2592592592592593,0.5,0.7407407407407407,0.9259259259259259,1,0.9259259259259259,0.7407407407407407,0.5,0.2592592592592593,0.07407407407407418,0
SMOOTHSTEP/4	0,0,0.15625,0.5,0.84375,1,0.8960000000000001,0.6480000000000001,0.3520000000000001,0.10399999999999995,0,0.10400000000000002,0.3520000000000001,0.6480000000000001,0.8960000000000001,1,0.84375,0.5,0.15625,0
R_SMOOTHSTEP/4	0,1,0.84375,0.5,0.15625,0,0.10399999999999987,0.35199999999999987,0.6479999999999999,0.896,1,0.896,0.6479999999999999,0.35199999999999987,0.10399999999999987,0,0.15625,0.5,0.84375,1
COSINE	0,1,0.8535533905932737,0.49999999999999994,0.1464466094067262,0,0.09549150281252627,0.34549150281252616,0.6545084971874737,0.9045084971874737,1,0.9045084971874737,0.6545084971874737,0.34549150281252616,0.09549150281252627,0,0.1464466094067262,0.49999999999999994,0.8535533905932737,1
REVERSE_COSINE	0,0,0.14644660940672627,0.5,0.8535533905932737,1,0.9045084971874737,0.6545084971874738,0.3454915028125263,0.09549150281252627,0,0.09549150281252627,0.3454915028125263,0.6545084971874738,0.9045084971874737,1,0.8535533905932737,0.5,0.14644660940672627,0
CUBIC_HERMITE	0,0,0.2680231672001219,0.46105776558451456,0.5884773662551439,0.6596555403139764,0.683965858862978,0.6707818930041152,0.629477213839354,0.5694253924706599,0.5,0.43057460752933996,0.3705227861606464,0.3292181069958847,0.31603414113702244,0.3403444596860239,0.41152263374485576,0.5389422344154853,0.7319768327998775,1
REVERSE_CUBIC_HERMITE	0,1,0.7319768327998781,0.5389422344154855,0.4115226337448561,0.34034445968602356,0.316034141137022,0.32921810699588483,0.37052278616064604,0.43057460752934007,0.5,0.56942539247066,0.6294772138393536,0.6707818930041153,0.6839658588629776,0.6596555403139761,0.5884773662551442,0.4610577655845147,0.26802316720012254,0
